{
 "cells": [
  {
   "cell_type": "markdown",
   "metadata": {},
   "source": [
    "# GPU accelerated eikonal solvers : reproducibility\n",
    "\n",
    "In this notebook, we run CPU and GPU eikonal solvers, and check that they produce consistent results."
   ]
  },
  {
   "cell_type": "markdown",
   "metadata": {},
   "source": [
    "# 0. Importing the required libraries"
   ]
  },
  {
   "cell_type": "code",
   "execution_count": 1,
   "metadata": {},
   "outputs": [],
   "source": [
    "import sys; sys.path.insert(0,\"../..\")"
   ]
  },
  {
   "cell_type": "code",
   "execution_count": 2,
   "metadata": {},
   "outputs": [],
   "source": [
    "import cupy as cp\n",
    "import numpy as np\n",
    "import time\n",
    "from matplotlib import pyplot as plt"
   ]
  },
  {
   "cell_type": "code",
   "execution_count": 3,
   "metadata": {},
   "outputs": [],
   "source": [
    "from agd import HFMUtils\n",
    "from agd.HFMUtils import HFM_CUDA\n",
    "from agd import AutomaticDifferentiation as ad\n",
    "\n",
    "from agd.AutomaticDifferentiation.cupy_generic import cupy_get_args, decorate_module_functions, set_output_dtype32\n",
    "norm_infinity = ad.Optimization.norm_infinity\n",
    "from agd.HFMUtils import RunGPU,RunSmart"
   ]
  },
  {
   "cell_type": "markdown",
   "metadata": {},
   "source": [
    "### 0.1 Decorations for gpu usage"
   ]
  },
  {
   "cell_type": "code",
   "execution_count": 4,
   "metadata": {},
   "outputs": [],
   "source": [
    "cp = decorate_module_functions(cp,set_output_dtype32) # Use float32 and int32 types in place of float64 and int64\n",
    "plt = decorate_module_functions(plt,cupy_get_args)\n",
    "RunSmart = cupy_get_args(RunSmart,dtype64=True,iterables=(dict,))"
   ]
  },
  {
   "cell_type": "code",
   "execution_count": 5,
   "metadata": {},
   "outputs": [],
   "source": [
    "np.set_printoptions(edgeitems=30, linewidth=100000, \n",
    "    formatter=dict(float=lambda x: \"%5.3g\" % x))"
   ]
  },
  {
   "cell_type": "code",
   "execution_count": 6,
   "metadata": {},
   "outputs": [
    {
     "name": "stdout",
     "output_type": "stream",
     "text": [
      "Casting output of function ones from float64 to float32\n"
     ]
    },
    {
     "data": {
      "text/plain": [
       "array([    1,     1,     1,     1,     1,     1,     1,     1,     1,     1], dtype=float32)"
      ]
     },
     "execution_count": 6,
     "metadata": {},
     "output_type": "execute_result"
    }
   ],
   "source": [
    "cp.ones(10)"
   ]
  },
  {
   "cell_type": "markdown",
   "metadata": {},
   "source": [
    "# 1. Isotropic fast marching"
   ]
  },
  {
   "cell_type": "code",
   "execution_count": 7,
   "metadata": {},
   "outputs": [],
   "source": [
    "def RunCompare(gpuIn):\n",
    "    gpuOut = RunGPU(gpuIn)\n",
    "    print(\"---\")\n",
    "    cpuOut = RunSmart(gpuIn)\n",
    "    print(\"Norm of difference : \", norm_infinity(gpuOut['values'].get()-cpuOut['values']))\n",
    "    cpuTime = cpuOut['FMCPUTime']; gpuTime = gpuOut['solverGPUTime'];\n",
    "    print(\"Solver time (s). GPU {gpuTime}, CPU {cpuTime}, acceleration{cpuTime/gpuTime}\")\n",
    "    assert cp.allclose(gpuOut['values'],cpuOut['values'])\n",
    "    return gpuOut,cpuOut"
   ]
  },
  {
   "cell_type": "markdown",
   "metadata": {},
   "source": [
    "### 1.1 Three dimensions"
   ]
  },
  {
   "cell_type": "code",
   "execution_count": 8,
   "metadata": {},
   "outputs": [
    {
     "ename": "TypeError",
     "evalue": "super() argument 1 must be type, not dictIn",
     "output_type": "error",
     "traceback": [
      "\u001b[1;31m---------------------------------------------------------------------------\u001b[0m",
      "\u001b[1;31mTypeError\u001b[0m                                 Traceback (most recent call last)",
      "\u001b[1;32m<ipython-input-8-961c65332d5b>\u001b[0m in \u001b[0;36m<module>\u001b[1;34m\u001b[0m\n\u001b[0;32m      1\u001b[0m \u001b[0mn\u001b[0m \u001b[1;33m=\u001b[0m \u001b[1;36m201\u001b[0m\u001b[1;33m\u001b[0m\u001b[1;33m\u001b[0m\u001b[0m\n\u001b[0;32m      2\u001b[0m hfmIn = HFMUtils.dictIn({\n\u001b[1;32m----> 3\u001b[1;33m     \u001b[1;34m'model'\u001b[0m\u001b[1;33m:\u001b[0m\u001b[1;34m'Isotropic2'\u001b[0m\u001b[1;33m,\u001b[0m\u001b[1;33m\u001b[0m\u001b[1;33m\u001b[0m\u001b[0m\n\u001b[0m\u001b[0;32m      4\u001b[0m \u001b[1;33m\u001b[0m\u001b[0m\n\u001b[0;32m      5\u001b[0m })\n",
      "\u001b[1;32m~\\Documents\\GitHub\\AdaptiveGridDiscretizations\\agd\\HFMUtils\\__init__.py\u001b[0m in \u001b[0;36m__init__\u001b[1;34m(self, *args, **kwargs)\u001b[0m\n\u001b[0;32m     53\u001b[0m \u001b[1;33m\u001b[0m\u001b[0m\n\u001b[0;32m     54\u001b[0m         \u001b[1;32mdef\u001b[0m \u001b[0m__init__\u001b[0m\u001b[1;33m(\u001b[0m\u001b[0mself\u001b[0m\u001b[1;33m,\u001b[0m\u001b[1;33m*\u001b[0m\u001b[0margs\u001b[0m\u001b[1;33m,\u001b[0m\u001b[1;33m**\u001b[0m\u001b[0mkwargs\u001b[0m\u001b[1;33m)\u001b[0m\u001b[1;33m:\u001b[0m\u001b[1;33m\u001b[0m\u001b[1;33m\u001b[0m\u001b[0m\n\u001b[1;32m---> 55\u001b[1;33m                 \u001b[0msuper\u001b[0m\u001b[1;33m(\u001b[0m\u001b[0mself\u001b[0m\u001b[1;33m,\u001b[0m\u001b[0mdictIn\u001b[0m\u001b[1;33m)\u001b[0m\u001b[1;33m.\u001b[0m\u001b[0m__init__\u001b[0m\u001b[1;33m(\u001b[0m\u001b[1;33m*\u001b[0m\u001b[0margs\u001b[0m\u001b[1;33m,\u001b[0m\u001b[1;33m**\u001b[0m\u001b[0mkwargs\u001b[0m\u001b[1;33m)\u001b[0m\u001b[1;33m\u001b[0m\u001b[1;33m\u001b[0m\u001b[0m\n\u001b[0m\u001b[0;32m     56\u001b[0m                 \u001b[1;32mif\u001b[0m \u001b[1;34m'arrayOrdering'\u001b[0m \u001b[1;32mnot\u001b[0m \u001b[1;32min\u001b[0m \u001b[0mself\u001b[0m\u001b[1;33m:\u001b[0m\u001b[1;33m\u001b[0m\u001b[1;33m\u001b[0m\u001b[0m\n\u001b[0;32m     57\u001b[0m                         \u001b[0mself\u001b[0m\u001b[1;33m[\u001b[0m\u001b[1;34m'arrayOrdering'\u001b[0m\u001b[1;33m]\u001b[0m\u001b[1;33m=\u001b[0m\u001b[1;34m'RowMajor'\u001b[0m\u001b[1;33m\u001b[0m\u001b[1;33m\u001b[0m\u001b[0m\n",
      "\u001b[1;31mTypeError\u001b[0m: super() argument 1 must be type, not dictIn"
     ]
    }
   ],
   "source": [
    "n = 201\n",
    "hfmIn = HFMUtils.dictIn({\n",
    "    'model':'Isotropic2',\n",
    "    \n",
    "})"
   ]
  },
  {
   "cell_type": "markdown",
   "metadata": {},
   "source": [
    "### 1.2 Two dimensions"
   ]
  },
  {
   "cell_type": "code",
   "execution_count": 70,
   "metadata": {},
   "outputs": [
    {
     "name": "stdout",
     "output_type": "stream",
     "text": [
      "Casting output of function ones from float64 to float32\n"
     ]
    }
   ],
   "source": [
    "n=4001\n",
    "hfmIn = HFMUtils.dictIn({\n",
    "    'verbosity':2,\n",
    "    'model':'Isotropic2',\n",
    "    'arrayOrdering':'RowMajor',\n",
    "    'seeds':[[0.,0.]],\n",
    "    'exportValues':1,\n",
    "    'tol':1e-6,\n",
    "    'multiprecision':True,\n",
    "#    'nitermax_o':22,\n",
    "#    'traits':{\n",
    "#        'pruning_macro':1,\n",
    "#        'strict_iter_i_macro':1,\n",
    "#        'strict_iter_o_macro':1,\n",
    "#        'niter_i':16,'shape_i':(8,8),\n",
    "#}\n",
    "})\n",
    "hfmIn.SetRect([[0,1],[0,1]],dimx=n+1,sampleBoundary=True)\n",
    "hfmIn['cost'] = cp.ones(hfmIn['dims'].astype(int))\n",
    "\n",
    "X = hfmIn.Grid() # Coordinate system"
   ]
  },
  {
   "cell_type": "code",
   "execution_count": 47,
   "metadata": {},
   "outputs": [
    {
     "name": "stdout",
     "output_type": "stream",
     "text": [
      "Setting the kernel traits.\n",
      "(Scalar,Int,shape_i,niter_i,...)\n",
      "key values_float64 defaults to False\n",
      "key factoringRadius defaults to 0\n",
      "key order defaults to 1\n",
      "Prepating the domain data (shape,metric,...)\n",
      "key periodic defaults to None\n",
      "key overwriteMetric defaults to False\n",
      "Preparing the values array (setting seeds,...)\n",
      "key seedValues defaults to [    0]\n",
      "key seedRadius defaults to 0.0\n",
      "Preparing the GPU kernel\n",
      "key dummy_kernel defaults to False\n",
      "key cuoptions defaults to ()\n",
      "Setup and run the eikonal solver\n",
      "key solver defaults to AGSI\n",
      "key nitermax_o defaults to 2000\n",
      "GPU solve took 0.3369934558868408 seconds, in 334 iterations.\n",
      "Post-Processing\n"
     ]
    }
   ],
   "source": [
    "RunGPU(hfmIn);"
   ]
  },
  {
   "cell_type": "code",
   "execution_count": 71,
   "metadata": {},
   "outputs": [
    {
     "name": "stdout",
     "output_type": "stream",
     "text": [
      "Setting the kernel traits.\n",
      "(Scalar,Int,shape_i,niter_i,...)\n",
      "key traits defaults to ()\n",
      "key factoringRadius defaults to 0\n",
      "key order defaults to 1\n",
      "Prepating the domain data (shape,metric,...)\n",
      "key periodic defaults to None\n",
      "key overwriteMetric defaults to False\n",
      "Preparing the values array (setting seeds,...)\n",
      "key seedValues defaults to [    0]\n",
      "key seedRadius defaults to 0.0\n",
      "Preparing the GPU kernel\n",
      "key dummy_kernel defaults to False\n",
      "key cuoptions defaults to ()\n",
      "Setup and run the eikonal solver\n",
      "key solver defaults to AGSI\n",
      "key nitermax_o defaults to 2000\n",
      "GPU solve took 0.4875028133392334 seconds, in 334 iterations.\n",
      "Post-Processing\n",
      "key values_float64 defaults to False\n",
      "---\n",
      "Field order defaults to 1\n",
      "Field seedRadius defaults to 0\n",
      "Field showProgress defaults to 0\n",
      "Field factoringMethod defaults to None\n",
      "Fast marching solver completed in 12.019 s.\n",
      "Field exportGeodesicFlow defaults to 0\n",
      "***** Warning ! *****\n",
      "Unused fields from user: multiprecision tol \n",
      "********************\n",
      "Unused fields from compute : FMCPUTime GeodesicCPUTime MaxStencilWidth StencilCPUTime nAccepted values \n",
      "Defaulted fields : exportActiveNeighs exportActiveOffsets exportGeodesicFlow factoringMethod order refineStencilAtWallBoundary seedRadius showProgress \n",
      "Norm of difference :  8.906999093838408e-08\n",
      "True\n",
      "Execution time ratio, CPU/GPU :  24.654216696051076\n"
     ]
    }
   ],
   "source": [
    "gpuOut,cpuOut = RunCompare(hfmIn)"
   ]
  },
  {
   "cell_type": "code",
   "execution_count": 11,
   "metadata": {},
   "outputs": [
    {
     "data": {
      "text/plain": [
       "{'key used': ['verbosity',\n",
       "  'model',\n",
       "  'multiprecision',\n",
       "  'dims',\n",
       "  'gridScale',\n",
       "  'cost',\n",
       "  'seeds',\n",
       "  'tol'],\n",
       " 'key defaulted': [('traits', ()),\n",
       "  ('factoringRadius', 0),\n",
       "  ('order', 1),\n",
       "  ('periodic', None),\n",
       "  ('drift', None),\n",
       "  ('speed', None),\n",
       "  ('overwriteMetric', False),\n",
       "  ('seedValues', array([    0], dtype=float32)),\n",
       "  ('seedRadius', 0.0),\n",
       "  ('dummy_kernel', False),\n",
       "  ('cuoptions', ()),\n",
       "  ('solver', 'AGSI'),\n",
       "  ('nitermax_o', 2000),\n",
       "  ('values_float64', False)],\n",
       " 'key visited': ['gridScale'],\n",
       " 'help content': {},\n",
       " 'niter_o': 1230,\n",
       " 'solverGPUTime': 9.20597767829895,\n",
       " 'values': array([[ 1.42,  1.42,  1.42,  1.41,  1.41,  1.41,  1.41,  1.41,  1.41,  1.41,  1.41,  1.41,  1.41,  1.41,  1.41,  1.41,  1.41,   1.4,   1.4,   1.4,   1.4,   1.4,   1.4,   1.4,   1.4,   1.4,   1.4,   1.4,   1.4,   1.4, ...,     1,     1,     1,     1,     1,     1,     1,     1,     1,     1,     1,     1,     1,     1,     1,     1,     1,     1,     1,     1,     1,     1,     1,     1,     1,     1,     1,     1,     1,     1],\n",
       "        [ 1.42,  1.42,  1.41,  1.41,  1.41,  1.41,  1.41,  1.41,  1.41,  1.41,  1.41,  1.41,  1.41,  1.41,  1.41,  1.41,   1.4,   1.4,   1.4,   1.4,   1.4,   1.4,   1.4,   1.4,   1.4,   1.4,   1.4,   1.4,   1.4,   1.4, ..., 0.999, 0.999, 0.999, 0.999, 0.999, 0.999, 0.999, 0.999, 0.999, 0.999, 0.999, 0.999, 0.999, 0.999, 0.999, 0.999, 0.999, 0.999, 0.999, 0.999, 0.999, 0.999, 0.999, 0.999, 0.999, 0.999, 0.999, 0.999, 0.999, 0.999],\n",
       "        [ 1.42,  1.41,  1.41,  1.41,  1.41,  1.41,  1.41,  1.41,  1.41,  1.41,  1.41,  1.41,  1.41,  1.41,  1.41,   1.4,   1.4,   1.4,   1.4,   1.4,   1.4,   1.4,   1.4,   1.4,   1.4,   1.4,   1.4,   1.4,   1.4,  1.39, ..., 0.998, 0.998, 0.998, 0.998, 0.998, 0.998, 0.998, 0.998, 0.998, 0.998, 0.998, 0.998, 0.998, 0.998, 0.998, 0.998, 0.998, 0.998, 0.998, 0.998, 0.998, 0.998, 0.998, 0.998, 0.998, 0.998, 0.998, 0.998, 0.998, 0.998],\n",
       "        [ 1.41,  1.41,  1.41,  1.41,  1.41,  1.41,  1.41,  1.41,  1.41,  1.41,  1.41,  1.41,  1.41,  1.41,   1.4,   1.4,   1.4,   1.4,   1.4,   1.4,   1.4,   1.4,   1.4,   1.4,   1.4,   1.4,   1.4,   1.4,  1.39,  1.39, ..., 0.997, 0.997, 0.997, 0.997, 0.997, 0.997, 0.997, 0.997, 0.997, 0.997, 0.997, 0.997, 0.997, 0.997, 0.997, 0.997, 0.997, 0.997, 0.997, 0.997, 0.997, 0.997, 0.997, 0.997, 0.997, 0.997, 0.997, 0.997, 0.997, 0.997],\n",
       "        [ 1.41,  1.41,  1.41,  1.41,  1.41,  1.41,  1.41,  1.41,  1.41,  1.41,  1.41,  1.41,  1.41,   1.4,   1.4,   1.4,   1.4,   1.4,   1.4,   1.4,   1.4,   1.4,   1.4,   1.4,   1.4,   1.4,   1.4,  1.39,  1.39,  1.39, ..., 0.996, 0.996, 0.996, 0.996, 0.996, 0.996, 0.996, 0.996, 0.996, 0.996, 0.996, 0.996, 0.996, 0.996, 0.996, 0.996, 0.996, 0.996, 0.996, 0.996, 0.996, 0.996, 0.996, 0.996, 0.996, 0.996, 0.996, 0.996, 0.996, 0.996],\n",
       "        [ 1.41,  1.41,  1.41,  1.41,  1.41,  1.41,  1.41,  1.41,  1.41,  1.41,  1.41,  1.41,   1.4,   1.4,   1.4,   1.4,   1.4,   1.4,   1.4,   1.4,   1.4,   1.4,   1.4,   1.4,   1.4,   1.4,  1.39,  1.39,  1.39,  1.39, ..., 0.995, 0.995, 0.995, 0.995, 0.995, 0.995, 0.995, 0.995, 0.995, 0.995, 0.995, 0.995, 0.995, 0.995, 0.995, 0.995, 0.995, 0.995, 0.995, 0.995, 0.995, 0.995, 0.995, 0.995, 0.995, 0.995, 0.995, 0.995, 0.995, 0.995],\n",
       "        [ 1.41,  1.41,  1.41,  1.41,  1.41,  1.41,  1.41,  1.41,  1.41,  1.41,  1.41,   1.4,   1.4,   1.4,   1.4,   1.4,   1.4,   1.4,   1.4,   1.4,   1.4,   1.4,   1.4,   1.4,   1.4,  1.39,  1.39,  1.39,  1.39,  1.39, ..., 0.994, 0.994, 0.994, 0.994, 0.994, 0.994, 0.994, 0.994, 0.994, 0.994, 0.994, 0.994, 0.994, 0.994, 0.994, 0.994, 0.994, 0.994, 0.994, 0.994, 0.994, 0.994, 0.994, 0.994, 0.994, 0.994, 0.994, 0.994, 0.994, 0.994],\n",
       "        [ 1.41,  1.41,  1.41,  1.41,  1.41,  1.41,  1.41,  1.41,  1.41,  1.41,   1.4,   1.4,   1.4,   1.4,   1.4,   1.4,   1.4,   1.4,   1.4,   1.4,   1.4,   1.4,   1.4,   1.4,  1.39,  1.39,  1.39,  1.39,  1.39,  1.39, ..., 0.993, 0.993, 0.993, 0.993, 0.993, 0.993, 0.993, 0.993, 0.993, 0.993, 0.993, 0.993, 0.993, 0.993, 0.993, 0.993, 0.993, 0.993, 0.993, 0.993, 0.993, 0.993, 0.993, 0.993, 0.993, 0.993, 0.993, 0.993, 0.993, 0.993],\n",
       "        [ 1.41,  1.41,  1.41,  1.41,  1.41,  1.41,  1.41,  1.41,  1.41,   1.4,   1.4,   1.4,   1.4,   1.4,   1.4,   1.4,   1.4,   1.4,   1.4,   1.4,   1.4,   1.4,   1.4,  1.39,  1.39,  1.39,  1.39,  1.39,  1.39,  1.39, ..., 0.992, 0.992, 0.992, 0.992, 0.992, 0.992, 0.992, 0.992, 0.992, 0.992, 0.992, 0.992, 0.992, 0.992, 0.992, 0.992, 0.992, 0.992, 0.992, 0.992, 0.992, 0.992, 0.992, 0.992, 0.992, 0.992, 0.992, 0.992, 0.992, 0.992],\n",
       "        [ 1.41,  1.41,  1.41,  1.41,  1.41,  1.41,  1.41,  1.41,   1.4,   1.4,   1.4,   1.4,   1.4,   1.4,   1.4,   1.4,   1.4,   1.4,   1.4,   1.4,   1.4,   1.4,  1.39,  1.39,  1.39,  1.39,  1.39,  1.39,  1.39,  1.39, ..., 0.991, 0.991, 0.991, 0.991, 0.991, 0.991, 0.991, 0.991, 0.991, 0.991, 0.991, 0.991, 0.991, 0.991, 0.991, 0.991, 0.991, 0.991, 0.991, 0.991, 0.991, 0.991, 0.991, 0.991, 0.991, 0.991, 0.991, 0.991, 0.991, 0.991],\n",
       "        [ 1.41,  1.41,  1.41,  1.41,  1.41,  1.41,  1.41,   1.4,   1.4,   1.4,   1.4,   1.4,   1.4,   1.4,   1.4,   1.4,   1.4,   1.4,   1.4,   1.4,   1.4,  1.39,  1.39,  1.39,  1.39,  1.39,  1.39,  1.39,  1.39,  1.39, ...,  0.99,  0.99,  0.99,  0.99,  0.99,  0.99,  0.99,  0.99,  0.99,  0.99,  0.99,  0.99,  0.99,  0.99,  0.99,  0.99,  0.99,  0.99,  0.99,  0.99,  0.99,  0.99,  0.99,  0.99,  0.99,  0.99,  0.99,  0.99,  0.99,  0.99],\n",
       "        [ 1.41,  1.41,  1.41,  1.41,  1.41,  1.41,   1.4,   1.4,   1.4,   1.4,   1.4,   1.4,   1.4,   1.4,   1.4,   1.4,   1.4,   1.4,   1.4,   1.4,  1.39,  1.39,  1.39,  1.39,  1.39,  1.39,  1.39,  1.39,  1.39,  1.39, ..., 0.989, 0.989, 0.989, 0.989, 0.989, 0.989, 0.989, 0.989, 0.989, 0.989, 0.989, 0.989, 0.989, 0.989, 0.989, 0.989, 0.989, 0.989, 0.989, 0.989, 0.989, 0.989, 0.989, 0.989, 0.989, 0.989, 0.989, 0.989, 0.989, 0.989],\n",
       "        [ 1.41,  1.41,  1.41,  1.41,  1.41,   1.4,   1.4,   1.4,   1.4,   1.4,   1.4,   1.4,   1.4,   1.4,   1.4,   1.4,   1.4,   1.4,   1.4,  1.39,  1.39,  1.39,  1.39,  1.39,  1.39,  1.39,  1.39,  1.39,  1.39,  1.39, ..., 0.988, 0.988, 0.988, 0.988, 0.988, 0.988, 0.988, 0.988, 0.988, 0.988, 0.988, 0.988, 0.988, 0.988, 0.988, 0.988, 0.988, 0.988, 0.988, 0.988, 0.988, 0.988, 0.988, 0.988, 0.988, 0.988, 0.988, 0.988, 0.988, 0.988],\n",
       "        [ 1.41,  1.41,  1.41,  1.41,   1.4,   1.4,   1.4,   1.4,   1.4,   1.4,   1.4,   1.4,   1.4,   1.4,   1.4,   1.4,   1.4,   1.4,  1.39,  1.39,  1.39,  1.39,  1.39,  1.39,  1.39,  1.39,  1.39,  1.39,  1.39,  1.39, ..., 0.988, 0.987, 0.987, 0.987, 0.987, 0.987, 0.987, 0.987, 0.987, 0.987, 0.987, 0.987, 0.987, 0.987, 0.987, 0.987, 0.987, 0.987, 0.987, 0.987, 0.987, 0.987, 0.987, 0.987, 0.987, 0.987, 0.987, 0.987, 0.987, 0.987],\n",
       "        [ 1.41,  1.41,  1.41,   1.4,   1.4,   1.4,   1.4,   1.4,   1.4,   1.4,   1.4,   1.4,   1.4,   1.4,   1.4,   1.4,   1.4,  1.39,  1.39,  1.39,  1.39,  1.39,  1.39,  1.39,  1.39,  1.39,  1.39,  1.39,  1.39,  1.39, ..., 0.987, 0.986, 0.986, 0.986, 0.986, 0.986, 0.986, 0.986, 0.986, 0.986, 0.986, 0.986, 0.986, 0.986, 0.986, 0.986, 0.986, 0.986, 0.986, 0.986, 0.986, 0.986, 0.986, 0.986, 0.986, 0.986, 0.986, 0.986, 0.986, 0.986],\n",
       "        [ 1.41,  1.41,   1.4,   1.4,   1.4,   1.4,   1.4,   1.4,   1.4,   1.4,   1.4,   1.4,   1.4,   1.4,   1.4,   1.4,  1.39,  1.39,  1.39,  1.39,  1.39,  1.39,  1.39,  1.39,  1.39,  1.39,  1.39,  1.39,  1.39,  1.39, ..., 0.986, 0.985, 0.985, 0.985, 0.985, 0.985, 0.985, 0.985, 0.985, 0.985, 0.985, 0.985, 0.985, 0.985, 0.985, 0.985, 0.985, 0.985, 0.985, 0.985, 0.985, 0.985, 0.985, 0.985, 0.985, 0.985, 0.985, 0.985, 0.985, 0.985],\n",
       "        [ 1.41,   1.4,   1.4,   1.4,   1.4,   1.4,   1.4,   1.4,   1.4,   1.4,   1.4,   1.4,   1.4,   1.4,   1.4,  1.39,  1.39,  1.39,  1.39,  1.39,  1.39,  1.39,  1.39,  1.39,  1.39,  1.39,  1.39,  1.39,  1.39,  1.38, ..., 0.985, 0.984, 0.984, 0.984, 0.984, 0.984, 0.984, 0.984, 0.984, 0.984, 0.984, 0.984, 0.984, 0.984, 0.984, 0.984, 0.984, 0.984, 0.984, 0.984, 0.984, 0.984, 0.984, 0.984, 0.984, 0.984, 0.984, 0.984, 0.984, 0.984],\n",
       "        [  1.4,   1.4,   1.4,   1.4,   1.4,   1.4,   1.4,   1.4,   1.4,   1.4,   1.4,   1.4,   1.4,   1.4,  1.39,  1.39,  1.39,  1.39,  1.39,  1.39,  1.39,  1.39,  1.39,  1.39,  1.39,  1.39,  1.39,  1.39,  1.38,  1.38, ..., 0.984, 0.983, 0.983, 0.983, 0.983, 0.983, 0.983, 0.983, 0.983, 0.983, 0.983, 0.983, 0.983, 0.983, 0.983, 0.983, 0.983, 0.983, 0.983, 0.983, 0.983, 0.983, 0.983, 0.983, 0.983, 0.983, 0.983, 0.983, 0.983, 0.983],\n",
       "        [  1.4,   1.4,   1.4,   1.4,   1.4,   1.4,   1.4,   1.4,   1.4,   1.4,   1.4,   1.4,   1.4,  1.39,  1.39,  1.39,  1.39,  1.39,  1.39,  1.39,  1.39,  1.39,  1.39,  1.39,  1.39,  1.39,  1.39,  1.38,  1.38,  1.38, ..., 0.983, 0.982, 0.982, 0.982, 0.982, 0.982, 0.982, 0.982, 0.982, 0.982, 0.982, 0.982, 0.982, 0.982, 0.982, 0.982, 0.982, 0.982, 0.982, 0.982, 0.982, 0.982, 0.982, 0.982, 0.982, 0.982, 0.982, 0.982, 0.982, 0.982],\n",
       "        [  1.4,   1.4,   1.4,   1.4,   1.4,   1.4,   1.4,   1.4,   1.4,   1.4,   1.4,   1.4,  1.39,  1.39,  1.39,  1.39,  1.39,  1.39,  1.39,  1.39,  1.39,  1.39,  1.39,  1.39,  1.39,  1.39,  1.38,  1.38,  1.38,  1.38, ..., 0.982, 0.981, 0.981, 0.981, 0.981, 0.981, 0.981, 0.981, 0.981, 0.981, 0.981, 0.981, 0.981, 0.981, 0.981, 0.981, 0.981, 0.981, 0.981, 0.981, 0.981, 0.981, 0.981, 0.981, 0.981, 0.981, 0.981, 0.981, 0.981, 0.981],\n",
       "        [  1.4,   1.4,   1.4,   1.4,   1.4,   1.4,   1.4,   1.4,   1.4,   1.4,   1.4,  1.39,  1.39,  1.39,  1.39,  1.39,  1.39,  1.39,  1.39,  1.39,  1.39,  1.39,  1.39,  1.39,  1.39,  1.38,  1.38,  1.38,  1.38,  1.38, ..., 0.981,  0.98,  0.98,  0.98,  0.98,  0.98,  0.98,  0.98,  0.98,  0.98,  0.98,  0.98,  0.98,  0.98,  0.98,  0.98,  0.98,  0.98,  0.98,  0.98,  0.98,  0.98,  0.98,  0.98,  0.98,  0.98,  0.98,  0.98,  0.98,  0.98],\n",
       "        [  1.4,   1.4,   1.4,   1.4,   1.4,   1.4,   1.4,   1.4,   1.4,   1.4,  1.39,  1.39,  1.39,  1.39,  1.39,  1.39,  1.39,  1.39,  1.39,  1.39,  1.39,  1.39,  1.39,  1.39,  1.38,  1.38,  1.38,  1.38,  1.38,  1.38, ...,  0.98, 0.979, 0.979, 0.979, 0.979, 0.979, 0.979, 0.979, 0.979, 0.979, 0.979, 0.979, 0.979, 0.979, 0.979, 0.979, 0.979, 0.979, 0.979, 0.979, 0.979, 0.979, 0.979, 0.979, 0.979, 0.979, 0.979, 0.979, 0.979, 0.979],\n",
       "        [  1.4,   1.4,   1.4,   1.4,   1.4,   1.4,   1.4,   1.4,   1.4,  1.39,  1.39,  1.39,  1.39,  1.39,  1.39,  1.39,  1.39,  1.39,  1.39,  1.39,  1.39,  1.39,  1.39,  1.38,  1.38,  1.38,  1.38,  1.38,  1.38,  1.38, ..., 0.979, 0.978, 0.978, 0.978, 0.978, 0.978, 0.978, 0.978, 0.978, 0.978, 0.978, 0.978, 0.978, 0.978, 0.978, 0.978, 0.978, 0.978, 0.978, 0.978, 0.978, 0.978, 0.978, 0.978, 0.978, 0.978, 0.978, 0.978, 0.978, 0.978],\n",
       "        [  1.4,   1.4,   1.4,   1.4,   1.4,   1.4,   1.4,   1.4,  1.39,  1.39,  1.39,  1.39,  1.39,  1.39,  1.39,  1.39,  1.39,  1.39,  1.39,  1.39,  1.39,  1.39,  1.38,  1.38,  1.38,  1.38,  1.38,  1.38,  1.38,  1.38, ..., 0.978, 0.977, 0.977, 0.977, 0.977, 0.977, 0.977, 0.977, 0.977, 0.977, 0.977, 0.977, 0.977, 0.977, 0.977, 0.977, 0.977, 0.977, 0.977, 0.977, 0.977, 0.977, 0.977, 0.977, 0.977, 0.977, 0.977, 0.977, 0.977, 0.977],\n",
       "        [  1.4,   1.4,   1.4,   1.4,   1.4,   1.4,   1.4,  1.39,  1.39,  1.39,  1.39,  1.39,  1.39,  1.39,  1.39,  1.39,  1.39,  1.39,  1.39,  1.39,  1.39,  1.38,  1.38,  1.38,  1.38,  1.38,  1.38,  1.38,  1.38,  1.38, ..., 0.977, 0.976, 0.976, 0.976, 0.976, 0.976, 0.976, 0.976, 0.976, 0.976, 0.976, 0.976, 0.976, 0.976, 0.976, 0.976, 0.976, 0.976, 0.976, 0.976, 0.976, 0.976, 0.976, 0.976, 0.976, 0.976, 0.976, 0.976, 0.976, 0.976],\n",
       "        [  1.4,   1.4,   1.4,   1.4,   1.4,   1.4,  1.39,  1.39,  1.39,  1.39,  1.39,  1.39,  1.39,  1.39,  1.39,  1.39,  1.39,  1.39,  1.39,  1.39,  1.38,  1.38,  1.38,  1.38,  1.38,  1.38,  1.38,  1.38,  1.38,  1.38, ..., 0.976, 0.975, 0.975, 0.975, 0.975, 0.975, 0.975, 0.975, 0.975, 0.975, 0.975, 0.975, 0.975, 0.975, 0.975, 0.975, 0.975, 0.975, 0.975, 0.975, 0.975, 0.975, 0.975, 0.975, 0.975, 0.975, 0.975, 0.975, 0.975, 0.975],\n",
       "        [  1.4,   1.4,   1.4,   1.4,   1.4,  1.39,  1.39,  1.39,  1.39,  1.39,  1.39,  1.39,  1.39,  1.39,  1.39,  1.39,  1.39,  1.39,  1.39,  1.38,  1.38,  1.38,  1.38,  1.38,  1.38,  1.38,  1.38,  1.38,  1.38,  1.38, ..., 0.975, 0.974, 0.974, 0.974, 0.974, 0.974, 0.974, 0.974, 0.974, 0.974, 0.974, 0.974, 0.974, 0.974, 0.974, 0.974, 0.974, 0.974, 0.974, 0.974, 0.974, 0.974, 0.974, 0.974, 0.974, 0.974, 0.974, 0.974, 0.974, 0.974],\n",
       "        [  1.4,   1.4,   1.4,   1.4,  1.39,  1.39,  1.39,  1.39,  1.39,  1.39,  1.39,  1.39,  1.39,  1.39,  1.39,  1.39,  1.39,  1.39,  1.38,  1.38,  1.38,  1.38,  1.38,  1.38,  1.38,  1.38,  1.38,  1.38,  1.38,  1.38, ..., 0.974, 0.973, 0.973, 0.973, 0.973, 0.973, 0.973, 0.973, 0.973, 0.973, 0.973, 0.973, 0.973, 0.973, 0.973, 0.973, 0.973, 0.973, 0.973, 0.973, 0.973, 0.973, 0.973, 0.973, 0.973, 0.973, 0.973, 0.973, 0.973, 0.973],\n",
       "        [  1.4,   1.4,   1.4,  1.39,  1.39,  1.39,  1.39,  1.39,  1.39,  1.39,  1.39,  1.39,  1.39,  1.39,  1.39,  1.39,  1.39,  1.38,  1.38,  1.38,  1.38,  1.38,  1.38,  1.38,  1.38,  1.38,  1.38,  1.38,  1.38,  1.38, ..., 0.973, 0.972, 0.972, 0.972, 0.972, 0.972, 0.972, 0.972, 0.972, 0.972, 0.972, 0.972, 0.972, 0.972, 0.972, 0.972, 0.972, 0.972, 0.972, 0.972, 0.972, 0.972, 0.972, 0.972, 0.972, 0.972, 0.972, 0.972, 0.972, 0.972],\n",
       "        [  1.4,   1.4,  1.39,  1.39,  1.39,  1.39,  1.39,  1.39,  1.39,  1.39,  1.39,  1.39,  1.39,  1.39,  1.39,  1.39,  1.38,  1.38,  1.38,  1.38,  1.38,  1.38,  1.38,  1.38,  1.38,  1.38,  1.38,  1.38,  1.38,  1.38, ..., 0.972, 0.971, 0.971, 0.971, 0.971, 0.971, 0.971, 0.971, 0.971, 0.971, 0.971, 0.971, 0.971, 0.971, 0.971, 0.971, 0.971, 0.971, 0.971, 0.971, 0.971, 0.971, 0.971, 0.971, 0.971, 0.971, 0.971, 0.971, 0.971, 0.971],\n",
       "        ...,\n",
       "        [    1, 0.999, 0.998, 0.997, 0.996, 0.995, 0.994, 0.993, 0.992, 0.991,  0.99, 0.989, 0.988, 0.988, 0.987, 0.986, 0.985, 0.984, 0.983, 0.982, 0.981,  0.98, 0.979, 0.978, 0.977, 0.976, 0.975, 0.974, 0.973, 0.972, ..., 0.0422, 0.0414, 0.0407, 0.0401, 0.0394, 0.0387, 0.0381, 0.0375, 0.0368, 0.0362, 0.0357, 0.0351, 0.0345, 0.034, 0.0335, 0.033, 0.0325, 0.0321, 0.0317, 0.0313, 0.0309, 0.0306, 0.0303,  0.03, 0.0297, 0.0295, 0.0293, 0.0292, 0.0291, 0.029],\n",
       "        [    1, 0.999, 0.998, 0.997, 0.996, 0.995, 0.994, 0.993, 0.992, 0.991,  0.99, 0.989, 0.988, 0.987, 0.986, 0.985, 0.984, 0.983, 0.982, 0.981,  0.98, 0.979, 0.978, 0.977, 0.976, 0.975, 0.974, 0.973, 0.972, 0.971, ..., 0.0414, 0.0407,  0.04, 0.0393, 0.0386, 0.038, 0.0373, 0.0367, 0.036, 0.0354, 0.0348, 0.0343, 0.0337, 0.0332, 0.0326, 0.0321, 0.0317, 0.0312, 0.0308, 0.0304,  0.03, 0.0296, 0.0293, 0.029, 0.0288, 0.0285, 0.0283, 0.0282, 0.0281, 0.028],\n",
       "        [    1, 0.999, 0.998, 0.997, 0.996, 0.995, 0.994, 0.993, 0.992, 0.991,  0.99, 0.989, 0.988, 0.987, 0.986, 0.985, 0.984, 0.983, 0.982, 0.981,  0.98, 0.979, 0.978, 0.977, 0.976, 0.975, 0.974, 0.973, 0.972, 0.971, ..., 0.0407,  0.04, 0.0393, 0.0386, 0.0379, 0.0372, 0.0365, 0.0359, 0.0353, 0.0346, 0.034, 0.0334, 0.0329, 0.0323, 0.0318, 0.0313, 0.0308, 0.0303, 0.0299, 0.0294, 0.029, 0.0287, 0.0284, 0.0281, 0.0278, 0.0275, 0.0274, 0.0272, 0.0271, 0.027],\n",
       "        [    1, 0.999, 0.998, 0.997, 0.996, 0.995, 0.994, 0.993, 0.992, 0.991,  0.99, 0.989, 0.988, 0.987, 0.986, 0.985, 0.984, 0.983, 0.982, 0.981,  0.98, 0.979, 0.978, 0.977, 0.976, 0.975, 0.974, 0.973, 0.972, 0.971, ..., 0.0401, 0.0393, 0.0386, 0.0379, 0.0372, 0.0365, 0.0358, 0.0351, 0.0345, 0.0338, 0.0332, 0.0326, 0.032, 0.0315, 0.0309, 0.0304, 0.0299, 0.0294, 0.0289, 0.0285, 0.0281, 0.0277, 0.0274, 0.0271, 0.0268, 0.0266, 0.0264, 0.0262, 0.0261, 0.026],\n",
       "        [    1, 0.999, 0.998, 0.997, 0.996, 0.995, 0.994, 0.993, 0.992, 0.991,  0.99, 0.989, 0.988, 0.987, 0.986, 0.985, 0.984, 0.983, 0.982, 0.981,  0.98, 0.979, 0.978, 0.977, 0.976, 0.975, 0.974, 0.973, 0.972, 0.971, ..., 0.0394, 0.0386, 0.0379, 0.0372, 0.0364, 0.0357, 0.035, 0.0344, 0.0337, 0.033, 0.0324, 0.0318, 0.0312, 0.0306, 0.0301, 0.0295, 0.029, 0.0285, 0.028, 0.0276, 0.0272, 0.0268, 0.0264, 0.0261, 0.0258, 0.0256, 0.0254, 0.0252, 0.0251, 0.025],\n",
       "        [    1, 0.999, 0.998, 0.997, 0.996, 0.995, 0.994, 0.993, 0.992, 0.991,  0.99, 0.989, 0.988, 0.987, 0.986, 0.985, 0.984, 0.983, 0.982, 0.981,  0.98, 0.979, 0.978, 0.977, 0.976, 0.975, 0.974, 0.973, 0.972, 0.971, ..., 0.0387, 0.038, 0.0372, 0.0365, 0.0357, 0.035, 0.0343, 0.0336, 0.0329, 0.0323, 0.0316, 0.031, 0.0304, 0.0298, 0.0292, 0.0287, 0.0281, 0.0276, 0.0271, 0.0267, 0.0263, 0.0259, 0.0255, 0.0252, 0.0249, 0.0246, 0.0244, 0.0242, 0.0241, 0.024],\n",
       "        [    1, 0.999, 0.998, 0.997, 0.996, 0.995, 0.994, 0.993, 0.992, 0.991,  0.99, 0.989, 0.988, 0.987, 0.986, 0.985, 0.984, 0.983, 0.982, 0.981,  0.98, 0.979, 0.978, 0.977, 0.976, 0.975, 0.974, 0.973, 0.972, 0.971, ..., 0.0381, 0.0373, 0.0365, 0.0358, 0.035, 0.0343, 0.0336, 0.0329, 0.0322, 0.0315, 0.0309, 0.0302, 0.0296, 0.029, 0.0284, 0.0278, 0.0273, 0.0267, 0.0263, 0.0258, 0.0253, 0.0249, 0.0246, 0.0242, 0.0239, 0.0236, 0.0234, 0.0232, 0.0231, 0.023],\n",
       "        [    1, 0.999, 0.998, 0.997, 0.996, 0.995, 0.994, 0.993, 0.992, 0.991,  0.99, 0.989, 0.988, 0.987, 0.986, 0.985, 0.984, 0.983, 0.982, 0.981,  0.98, 0.979, 0.978, 0.977, 0.976, 0.975, 0.974, 0.973, 0.972, 0.971, ..., 0.0375, 0.0367, 0.0359, 0.0351, 0.0344, 0.0336, 0.0329, 0.0322, 0.0315, 0.0308, 0.0301, 0.0294, 0.0288, 0.0282, 0.0276, 0.027, 0.0264, 0.0259, 0.0254, 0.0249, 0.0244, 0.024, 0.0236, 0.0233, 0.0229, 0.0227, 0.0224, 0.0222, 0.0221, 0.022],\n",
       "        [    1, 0.999, 0.998, 0.997, 0.996, 0.995, 0.994, 0.993, 0.992, 0.991,  0.99, 0.989, 0.988, 0.987, 0.986, 0.985, 0.984, 0.983, 0.982, 0.981,  0.98, 0.979, 0.978, 0.977, 0.976, 0.975, 0.974, 0.973, 0.972, 0.971, ..., 0.0368, 0.036, 0.0353, 0.0345, 0.0337, 0.0329, 0.0322, 0.0315, 0.0307,  0.03, 0.0293, 0.0287, 0.028, 0.0274, 0.0267, 0.0261, 0.0256, 0.025, 0.0245, 0.024, 0.0235, 0.0231, 0.0227, 0.0223, 0.022, 0.0217, 0.0214, 0.0212, 0.0211, 0.021],\n",
       "        [    1, 0.999, 0.998, 0.997, 0.996, 0.995, 0.994, 0.993, 0.992, 0.991,  0.99, 0.989, 0.988, 0.987, 0.986, 0.985, 0.984, 0.983, 0.982, 0.981,  0.98, 0.979, 0.978, 0.977, 0.976, 0.975, 0.974, 0.973, 0.972, 0.971, ..., 0.0362, 0.0354, 0.0346, 0.0338, 0.033, 0.0323, 0.0315, 0.0308,  0.03, 0.0293, 0.0286, 0.0279, 0.0272, 0.0266, 0.0259, 0.0253, 0.0247, 0.0242, 0.0236, 0.0231, 0.0226, 0.0222, 0.0218, 0.0214, 0.021, 0.0207, 0.0205, 0.0203, 0.0201,  0.02],\n",
       "        [    1, 0.999, 0.998, 0.997, 0.996, 0.995, 0.994, 0.993, 0.992, 0.991,  0.99, 0.989, 0.988, 0.987, 0.986, 0.985, 0.984, 0.983, 0.982, 0.981,  0.98, 0.979, 0.978, 0.977, 0.976, 0.975, 0.974, 0.973, 0.972, 0.971, ..., 0.0357, 0.0348, 0.034, 0.0332, 0.0324, 0.0316, 0.0309, 0.0301, 0.0293, 0.0286, 0.0279, 0.0272, 0.0265, 0.0258, 0.0252, 0.0245, 0.0239, 0.0233, 0.0228, 0.0222, 0.0217, 0.0213, 0.0208, 0.0204, 0.0201, 0.0198, 0.0195, 0.0193, 0.0191, 0.019],\n",
       "        [    1, 0.999, 0.998, 0.997, 0.996, 0.995, 0.994, 0.993, 0.992, 0.991,  0.99, 0.989, 0.988, 0.987, 0.986, 0.985, 0.984, 0.983, 0.982, 0.981,  0.98, 0.979, 0.978, 0.977, 0.976, 0.975, 0.974, 0.973, 0.972, 0.971, ..., 0.0351, 0.0343, 0.0334, 0.0326, 0.0318, 0.031, 0.0302, 0.0294, 0.0287, 0.0279, 0.0272, 0.0264, 0.0257, 0.0251, 0.0244, 0.0237, 0.0231, 0.0225, 0.0219, 0.0214, 0.0209, 0.0204, 0.0199, 0.0195, 0.0191, 0.0188, 0.0185, 0.0183, 0.0181, 0.018],\n",
       "        [    1, 0.999, 0.998, 0.997, 0.996, 0.995, 0.994, 0.993, 0.992, 0.991,  0.99, 0.989, 0.988, 0.987, 0.986, 0.985, 0.984, 0.983, 0.982, 0.981,  0.98, 0.979, 0.978, 0.977, 0.976, 0.975, 0.974, 0.973, 0.972, 0.971, ..., 0.0345, 0.0337, 0.0329, 0.032, 0.0312, 0.0304, 0.0296, 0.0288, 0.028, 0.0272, 0.0265, 0.0257, 0.025, 0.0243, 0.0236, 0.023, 0.0223, 0.0217, 0.0211, 0.0205,  0.02, 0.0195, 0.019, 0.0186, 0.0182, 0.0178, 0.0175, 0.0173, 0.0171, 0.017],\n",
       "        [    1, 0.999, 0.998, 0.997, 0.996, 0.995, 0.994, 0.993, 0.992, 0.991,  0.99, 0.989, 0.988, 0.987, 0.986, 0.985, 0.984, 0.983, 0.982, 0.981,  0.98, 0.979, 0.978, 0.977, 0.976, 0.975, 0.974, 0.973, 0.972, 0.971, ..., 0.034, 0.0332, 0.0323, 0.0315, 0.0306, 0.0298, 0.029, 0.0282, 0.0274, 0.0266, 0.0258, 0.0251, 0.0243, 0.0236, 0.0229, 0.0222, 0.0215, 0.0209, 0.0203, 0.0197, 0.0191, 0.0186, 0.0181, 0.0176, 0.0172, 0.0169, 0.0166, 0.0163, 0.0161, 0.016],\n",
       "        [    1, 0.999, 0.998, 0.997, 0.996, 0.995, 0.994, 0.993, 0.992, 0.991,  0.99, 0.989, 0.988, 0.987, 0.986, 0.985, 0.984, 0.983, 0.982, 0.981,  0.98, 0.979, 0.978, 0.977, 0.976, 0.975, 0.974, 0.973, 0.972, 0.971, ..., 0.0335, 0.0326, 0.0318, 0.0309, 0.0301, 0.0292, 0.0284, 0.0276, 0.0267, 0.0259, 0.0252, 0.0244, 0.0236, 0.0229, 0.0222, 0.0214, 0.0208, 0.0201, 0.0195, 0.0188, 0.0183, 0.0177, 0.0172, 0.0167, 0.0163, 0.0159, 0.0156, 0.0153, 0.0151, 0.015],\n",
       "        [    1, 0.999, 0.998, 0.997, 0.996, 0.995, 0.994, 0.993, 0.992, 0.991,  0.99, 0.989, 0.988, 0.987, 0.986, 0.985, 0.984, 0.983, 0.982, 0.981,  0.98, 0.979, 0.978, 0.977, 0.976, 0.975, 0.974, 0.973, 0.972, 0.971, ..., 0.033, 0.0321, 0.0313, 0.0304, 0.0295, 0.0287, 0.0278, 0.027, 0.0261, 0.0253, 0.0245, 0.0237, 0.023, 0.0222, 0.0214, 0.0207,  0.02, 0.0193, 0.0187, 0.018, 0.0174, 0.0169, 0.0163, 0.0158, 0.0154, 0.015, 0.0146, 0.0144, 0.0141, 0.014],\n",
       "        [    1, 0.999, 0.998, 0.997, 0.996, 0.995, 0.994, 0.993, 0.992, 0.991,  0.99, 0.989, 0.988, 0.987, 0.986, 0.985, 0.984, 0.983, 0.982, 0.981,  0.98, 0.979, 0.978, 0.977, 0.976, 0.975, 0.974, 0.973, 0.972, 0.971, ..., 0.0325, 0.0317, 0.0308, 0.0299, 0.029, 0.0281, 0.0273, 0.0264, 0.0256, 0.0247, 0.0239, 0.0231, 0.0223, 0.0215, 0.0208,  0.02, 0.0193, 0.0186, 0.0179, 0.0172, 0.0166, 0.016, 0.0155, 0.0149, 0.0145, 0.014, 0.0137, 0.0134, 0.0131, 0.013],\n",
       "        [    1, 0.999, 0.998, 0.997, 0.996, 0.995, 0.994, 0.993, 0.992, 0.991,  0.99, 0.989, 0.988, 0.987, 0.986, 0.985, 0.984, 0.983, 0.982, 0.981,  0.98, 0.979, 0.978, 0.977, 0.976, 0.975, 0.974, 0.973, 0.972, 0.971, ..., 0.0321, 0.0312, 0.0303, 0.0294, 0.0285, 0.0276, 0.0267, 0.0259, 0.025, 0.0242, 0.0233, 0.0225, 0.0217, 0.0209, 0.0201, 0.0193, 0.0186, 0.0178, 0.0171, 0.0165, 0.0158, 0.0152, 0.0146, 0.0141, 0.0136, 0.0131, 0.0127, 0.0124, 0.0122, 0.012],\n",
       "        [    1, 0.999, 0.998, 0.997, 0.996, 0.995, 0.994, 0.993, 0.992, 0.991,  0.99, 0.989, 0.988, 0.987, 0.986, 0.985, 0.984, 0.983, 0.982, 0.981,  0.98, 0.979, 0.978, 0.977, 0.976, 0.975, 0.974, 0.973, 0.972, 0.971, ..., 0.0317, 0.0308, 0.0299, 0.0289, 0.028, 0.0271, 0.0263, 0.0254, 0.0245, 0.0236, 0.0228, 0.0219, 0.0211, 0.0203, 0.0195, 0.0187, 0.0179, 0.0171, 0.0164, 0.0157, 0.015, 0.0144, 0.0138, 0.0132, 0.0127, 0.0122, 0.0118, 0.0114, 0.0112, 0.011],\n",
       "        [    1, 0.999, 0.998, 0.997, 0.996, 0.995, 0.994, 0.993, 0.992, 0.991,  0.99, 0.989, 0.988, 0.987, 0.986, 0.985, 0.984, 0.983, 0.982, 0.981,  0.98, 0.979, 0.978, 0.977, 0.976, 0.975, 0.974, 0.973, 0.972, 0.971, ..., 0.0313, 0.0304, 0.0294, 0.0285, 0.0276, 0.0267, 0.0258, 0.0249, 0.024, 0.0231, 0.0222, 0.0214, 0.0205, 0.0197, 0.0188, 0.018, 0.0172, 0.0165, 0.0157, 0.015, 0.0143, 0.0136, 0.0129, 0.0123, 0.0118, 0.0113, 0.0108, 0.0105, 0.0102,  0.01],\n",
       "        [    1, 0.999, 0.998, 0.997, 0.996, 0.995, 0.994, 0.993, 0.992, 0.991,  0.99, 0.989, 0.988, 0.987, 0.986, 0.985, 0.984, 0.983, 0.982, 0.981,  0.98, 0.979, 0.978, 0.977, 0.976, 0.975, 0.974, 0.973, 0.972, 0.971, ..., 0.0309,  0.03, 0.029, 0.0281, 0.0272, 0.0263, 0.0253, 0.0244, 0.0235, 0.0226, 0.0217, 0.0209,  0.02, 0.0191, 0.0183, 0.0174, 0.0166, 0.0158, 0.015, 0.0143, 0.0135, 0.0128, 0.0121, 0.0115, 0.0109, 0.0104, 0.00991, 0.00951, 0.0092, 0.009],\n",
       "        [    1, 0.999, 0.998, 0.997, 0.996, 0.995, 0.994, 0.993, 0.992, 0.991,  0.99, 0.989, 0.988, 0.987, 0.986, 0.985, 0.984, 0.983, 0.982, 0.981,  0.98, 0.979, 0.978, 0.977, 0.976, 0.975, 0.974, 0.973, 0.972, 0.971, ..., 0.0306, 0.0296, 0.0287, 0.0277, 0.0268, 0.0259, 0.0249, 0.024, 0.0231, 0.0222, 0.0213, 0.0204, 0.0195, 0.0186, 0.0177, 0.0169, 0.016, 0.0152, 0.0144, 0.0136, 0.0128, 0.0121, 0.0114, 0.0107, 0.0101, 0.0095, 0.00899, 0.00856, 0.00822, 0.008],\n",
       "        [    1, 0.999, 0.998, 0.997, 0.996, 0.995, 0.994, 0.993, 0.992, 0.991,  0.99, 0.989, 0.988, 0.987, 0.986, 0.985, 0.984, 0.983, 0.982, 0.981,  0.98, 0.979, 0.978, 0.977, 0.976, 0.975, 0.974, 0.973, 0.972, 0.971, ..., 0.0303, 0.0293, 0.0284, 0.0274, 0.0264, 0.0255, 0.0246, 0.0236, 0.0227, 0.0218, 0.0208, 0.0199, 0.019, 0.0181, 0.0172, 0.0163, 0.0155, 0.0146, 0.0138, 0.0129, 0.0121, 0.0114, 0.0106, 0.00992, 0.00925, 0.00864, 0.00809, 0.00762, 0.00725, 0.007],\n",
       "        [    1, 0.999, 0.998, 0.997, 0.996, 0.995, 0.994, 0.993, 0.992, 0.991,  0.99, 0.989, 0.988, 0.987, 0.986, 0.985, 0.984, 0.983, 0.982, 0.981,  0.98, 0.979, 0.978, 0.977, 0.976, 0.975, 0.974, 0.973, 0.972, 0.971, ...,  0.03, 0.029, 0.0281, 0.0271, 0.0261, 0.0252, 0.0242, 0.0233, 0.0223, 0.0214, 0.0204, 0.0195, 0.0186, 0.0176, 0.0167, 0.0158, 0.0149, 0.0141, 0.0132, 0.0123, 0.0115, 0.0107, 0.00992, 0.00917, 0.00846, 0.0078, 0.00721, 0.00669, 0.00628, 0.006],\n",
       "        [    1, 0.999, 0.998, 0.997, 0.996, 0.995, 0.994, 0.993, 0.992, 0.991,  0.99, 0.989, 0.988, 0.987, 0.986, 0.985, 0.984, 0.983, 0.982, 0.981,  0.98, 0.979, 0.978, 0.977, 0.976, 0.975, 0.974, 0.973, 0.972, 0.971, ..., 0.0297, 0.0288, 0.0278, 0.0268, 0.0258, 0.0249, 0.0239, 0.0229, 0.022, 0.021, 0.0201, 0.0191, 0.0182, 0.0172, 0.0163, 0.0154, 0.0145, 0.0136, 0.0127, 0.0118, 0.0109, 0.0101, 0.00925, 0.00846, 0.00771, 0.007, 0.00635, 0.00578, 0.00532, 0.005],\n",
       "        [    1, 0.999, 0.998, 0.997, 0.996, 0.995, 0.994, 0.993, 0.992, 0.991,  0.99, 0.989, 0.988, 0.987, 0.986, 0.985, 0.984, 0.983, 0.982, 0.981,  0.98, 0.979, 0.978, 0.977, 0.976, 0.975, 0.974, 0.973, 0.972, 0.971, ..., 0.0295, 0.0285, 0.0275, 0.0266, 0.0256, 0.0246, 0.0236, 0.0227, 0.0217, 0.0207, 0.0198, 0.0188, 0.0178, 0.0169, 0.0159, 0.015, 0.014, 0.0131, 0.0122, 0.0113, 0.0104, 0.0095, 0.00864, 0.0078, 0.007, 0.00624, 0.00553, 0.0049, 0.00437, 0.004],\n",
       "        [    1, 0.999, 0.998, 0.997, 0.996, 0.995, 0.994, 0.993, 0.992, 0.991,  0.99, 0.989, 0.988, 0.987, 0.986, 0.985, 0.984, 0.983, 0.982, 0.981,  0.98, 0.979, 0.978, 0.977, 0.976, 0.975, 0.974, 0.973, 0.972, 0.971, ..., 0.0293, 0.0283, 0.0274, 0.0264, 0.0254, 0.0244, 0.0234, 0.0224, 0.0214, 0.0205, 0.0195, 0.0185, 0.0175, 0.0166, 0.0156, 0.0146, 0.0137, 0.0127, 0.0118, 0.0108, 0.00991, 0.00899, 0.00809, 0.00721, 0.00635, 0.00553, 0.00476, 0.00405, 0.00344, 0.003],\n",
       "        [    1, 0.999, 0.998, 0.997, 0.996, 0.995, 0.994, 0.993, 0.992, 0.991,  0.99, 0.989, 0.988, 0.987, 0.986, 0.985, 0.984, 0.983, 0.982, 0.981,  0.98, 0.979, 0.978, 0.977, 0.976, 0.975, 0.974, 0.973, 0.972, 0.971, ..., 0.0292, 0.0282, 0.0272, 0.0262, 0.0252, 0.0242, 0.0232, 0.0222, 0.0212, 0.0203, 0.0193, 0.0183, 0.0173, 0.0163, 0.0153, 0.0144, 0.0134, 0.0124, 0.0114, 0.0105, 0.00951, 0.00856, 0.00762, 0.00669, 0.00578, 0.0049, 0.00405, 0.00325, 0.00255, 0.002],\n",
       "        [    1, 0.999, 0.998, 0.997, 0.996, 0.995, 0.994, 0.993, 0.992, 0.991,  0.99, 0.989, 0.988, 0.987, 0.986, 0.985, 0.984, 0.983, 0.982, 0.981,  0.98, 0.979, 0.978, 0.977, 0.976, 0.975, 0.974, 0.973, 0.972, 0.971, ..., 0.0291, 0.0281, 0.0271, 0.0261, 0.0251, 0.0241, 0.0231, 0.0221, 0.0211, 0.0201, 0.0191, 0.0181, 0.0171, 0.0161, 0.0151, 0.0141, 0.0131, 0.0122, 0.0112, 0.0102, 0.0092, 0.00822, 0.00725, 0.00628, 0.00532, 0.00437, 0.00344, 0.00255, 0.00171, 0.001],\n",
       "        [    1, 0.999, 0.998, 0.997, 0.996, 0.995, 0.994, 0.993, 0.992, 0.991,  0.99, 0.989, 0.988, 0.987, 0.986, 0.985, 0.984, 0.983, 0.982, 0.981,  0.98, 0.979, 0.978, 0.977, 0.976, 0.975, 0.974, 0.973, 0.972, 0.971, ..., 0.029, 0.028, 0.027, 0.026, 0.025, 0.024, 0.023, 0.022, 0.021,  0.02, 0.019, 0.018, 0.017, 0.016, 0.015, 0.014, 0.013, 0.012, 0.011,  0.01, 0.009, 0.008, 0.007, 0.006, 0.005, 0.004, 0.003, 0.002, 0.001,     0]], dtype=float32)}"
      ]
     },
     "execution_count": 11,
     "metadata": {},
     "output_type": "execute_result"
    }
   ],
   "source": [
    "gpuOut"
   ]
  },
  {
   "cell_type": "code",
   "execution_count": 12,
   "metadata": {},
   "outputs": [
    {
     "data": {
      "text/plain": [
       "{'FMCPUTime': 0.55,\n",
       " 'GeodesicCPUTime': 0.0,\n",
       " 'MaxStencilWidth': 1.0,\n",
       " 'StencilCPUTime': 0.01,\n",
       " 'defaulted': 'exportActiveNeighs exportActiveOffsets exportGeodesicFlow factoringMethod order refineStencilAtWallBoundary seedRadius showProgress',\n",
       " 'nAccepted': 1002001.0,\n",
       " 'unusedFromCompute': 'FMCPUTime GeodesicCPUTime MaxStencilWidth StencilCPUTime nAccepted values',\n",
       " 'unusedFromUser': 'multiprecision tol',\n",
